           YEAR,           JDAY,        PRECACC,          ETACC,         ROFACC,      OVRFLWACC,      LATFLWACC,    DRAINSOLACC,       DSTGWACC,           PREC,             ET,            ROF,         OVRFLW,         LATFLW,       DRAINSOL,        FZWSCAN,        LQWSCAN,            SNO,        LQWSSNO,        LQWSPND,       LQWSSOL1,       FZWSSOL1,       ALWSSOL1,       LQWSSOL2,       FZWSSOL2,       ALWSSOL2,       LQWSSOL3,       FZWSSOL3,       ALWSSOL3,        LQWSSOL,        FZWSSOL,        ALWSSOL,          STGGW,            DZS,           STGW,          DSTGW,
           1980,            123,  0.3107182    ,   1.298998    ,   69.71519    ,  0.6101958    ,   69.09711    ,  0.7852279E-02,  -63.79132    ,  0.3107182    ,   1.298998    ,   69.71519    ,  0.6101958    ,   69.09711    ,  0.7852279E-02,  0.1126310E-01,  0.5323478E-02,  0.2672439E-01,  0.3201268E-03,  0.3829433E-02,   19.26206    ,  0.2889825    ,   19.55104    ,   58.88367    ,  0.1035430E-01,   58.89403    ,   451.3906    ,   0.000000    ,   451.3906    ,   529.5363    ,  0.2993369    ,   529.8357    ,   4.379366    ,   0.000000    ,   534.2623    ,  -63.79132    ,
           1980,            124,  0.4212433    ,   2.946926    ,   71.69058    ,   1.481907    ,   70.18266    ,  0.2600888E-01,  -70.89966    ,  0.1105250    ,   1.647928    ,   1.975405    ,  0.8717116    ,   1.085537    ,  0.1815660E-01,  0.2614947E-01,  0.6026485E-02,  0.6356054E-01,  0.7551221E-03,  0.3125892E-02,   18.00514    ,  0.1913601    ,   18.19651    ,   57.14583    ,  0.1189953E-03,   57.14595    ,   436.3638    ,   0.000000    ,   436.3638    ,   511.5147    ,  0.1914791    ,   511.7062    ,   8.239769    ,   0.000000    ,   520.0455    ,  -14.21686    ,
           1980,            125,  0.4313188    ,   4.843007    ,   72.97070    ,   2.354478    ,   70.56291    ,  0.5331925E-01,  -74.15161    ,  0.1007556E-01,   1.896081    ,   1.280134    ,  0.8725704    ,  0.3802530    ,  0.2731037E-01,  0.1080655E-03,  0.1368501E-03,  0.4261020E-01,  0.4386222E-03,  0.6490091E-03,   16.94170    ,  0.8250244    ,   17.76672    ,   55.69990    ,  0.2604390E-02,   55.70250    ,   432.7567    ,   0.000000    ,   432.7567    ,   505.3983    ,  0.8276288    ,   506.2260    ,   11.12792    ,   0.000000    ,   517.3979    ,  -2.647522    ,
           1980,            126,  0.4710805    ,   6.682231    ,   74.08902    ,   3.339598    ,   70.66053    ,  0.8888710E-01,  -76.37891    ,  0.3976161E-01,   1.839223    ,   1.118312    ,  0.9851196    ,  0.9762478E-01,  0.3556783E-01,  0.2363322E-02,  0.5106127E-03,  0.2816731E-01,  0.2260785E-03,  0.7236217E-03,   16.91103    ,  0.2925314    ,   17.20357    ,   54.61221    ,  0.1789332E-02,   54.61400    ,   429.6299    ,   0.000000    ,   429.6299    ,   501.1531    ,  0.2943208    ,   501.4474    ,   13.51359    ,   0.000000    ,   514.9930    ,  -2.404907    ,
           1980,            127,   1.380459    ,   7.941395    ,   74.98759    ,   4.143822    ,   70.71183    ,  0.1319247    ,  -78.05157    ,  0.9093784    ,   1.259165    ,  0.8985577    ,  0.8042235    ,  0.5129655E-01,  0.4303764E-01,  0.2737043E-02,  0.2220419E-01,  0.2209602E-01,  0.1365879E-03,  0.2427349E-01,   16.77211    ,  0.8190274E-01,   16.85401    ,   53.90987    ,  0.7262891E-03,   53.91059    ,   426.9286    ,   0.000000    ,   426.9286    ,   497.6106    ,  0.8262903E-01,   497.6932    ,   15.54724    ,   0.000000    ,   513.3120    ,  -1.681091    ,
           1980,            128,   2.700784    ,   9.163083    ,   76.13184    ,   4.849328    ,   71.10071    ,  0.1817963    ,  -79.17352    ,   1.320325    ,   1.221688    ,   1.144255    ,  0.7055053    ,  0.3888780    ,  0.4987155E-01,  0.2159647E-01,  0.9126098E-01,  0.1974179    ,  0.4057111E-02,  0.1071896    ,   17.24675    ,  0.4241713E-03,   17.24717    ,   53.68484    ,  0.6826481E-03,   53.68551    ,   424.5886    ,   0.000000    ,   424.5886    ,   495.5202    ,  0.1106819E-02,   495.5213    ,   17.32768    ,   0.000000    ,   513.2704    , -0.4150391E-01,
           1980,            129,   2.947346    ,   11.32881    ,   77.26550    ,   5.833504    ,   71.19401    ,  0.2379707    ,  -80.21094    ,  0.2465624    ,   2.165725    ,   1.133655    ,  0.9841778    ,  0.9330257E-01,  0.5617444E-01,  0.8433685E-02,  0.6352847E-02,  0.1956301    ,  0.3287457E-02,  0.5892247E-01,   16.74201    ,  0.6465016E-01,   16.80665    ,   53.17422    ,  0.5548212E-03,   53.17476    ,   422.4512    ,   0.000000    ,   422.4512    ,   492.3674    ,  0.6520498E-01,   492.4326    ,   18.91410    ,   0.000000    ,   511.6195    ,  -1.650970    ,
           1980,            130,   3.030583    ,   13.23477    ,   78.22072    ,   6.724897    ,   71.19587    ,  0.2999428    ,  -81.26929    ,  0.8323684E-01,   1.905965    ,  0.9552265    ,  0.8913930    ,  0.1861394E-02,  0.6197209E-01,  0.2109647E-02,  0.3471435E-03,  0.1652878    ,  0.1011289E-02,  0.5286002E-02,   15.85668    ,  0.1693962    ,   16.02607    ,   52.47059    ,  0.2662686E-03,   52.47087    ,   420.3733    ,   0.000000    ,   420.3733    ,   488.7005    ,  0.1696625    ,   488.8702    ,   20.33322    ,   0.000000    ,   509.3774    ,  -2.242065    ,
           1980,            131,   3.040081    ,   15.31421    ,   79.18374    ,   7.619985    ,   71.19650    ,  0.3672551    ,  -82.33209    ,  0.9498074E-02,   2.079431    ,  0.9630286    ,  0.8950872    ,  0.6291282E-03,  0.6731232E-01,  0.1281878E-02,  0.5998592E-04,  0.1221525    ,  0.4295645E-03,  0.1879227E-02,   14.68673    ,  0.6066982    ,   15.29343    ,   51.75769    ,  0.3532853E-03,   51.75805    ,   418.4322    ,   0.000000    ,   418.4322    ,   484.8766    ,  0.6070515    ,   485.4836    ,   21.61058    ,   0.000000    ,   507.2200    ,  -2.157410    ,
           1980,            132,   3.074931    ,   17.15707    ,   80.16267    ,   8.526524    ,   71.19666    ,  0.4394936    ,  -83.40234    ,  0.3485034E-01,   1.842867    ,  0.9789351    ,  0.9065397    ,  0.1570284E-03,  0.7223853E-01,  0.2309066E-03,  0.1361631E-02,  0.8823008E-01,  0.4729812E-03,  0.3950489E-02,   13.98692    ,  0.5875266    ,   14.57445    ,   51.00455    ,  0.6538241E-03,   51.00521    ,   416.5785    ,   0.000000    ,   416.5785    ,   481.5699    ,  0.5881804    ,   482.1581    ,   22.76622    ,   0.000000    ,   505.0186    ,  -2.201416    ,
           1980,            133,   4.477821    ,   18.35848    ,   80.89080    ,   9.176093    ,   71.19842    ,  0.5162920    ,  -84.40656    ,   1.402889    ,   1.201411    ,  0.7281339    ,  0.6495686    ,  0.1766868E-02,  0.7679833E-01,  0.3153513E-02,  0.4624866E-01,  0.7124263E-01,  0.5771805E-03,  0.2195474E-01,   14.12975    ,  0.1106615    ,   14.24041    ,   50.50427    ,  0.4535940E-03,   50.50473    ,   414.8982    ,   0.000000    ,   414.8982    ,   479.5322    ,  0.1111151    ,   479.6433    ,   23.81824    ,   0.000000    ,   503.6047    ,  -1.413849    ,
           1980,            134,   4.736850    ,   20.28344    ,   82.01914    ,   10.21947    ,   71.20233    ,  0.5973509    ,  -85.29211    ,  0.2590299    ,   1.924961    ,   1.128339    ,   1.043375    ,  0.3905059E-02,  0.8105896E-01,  0.3202758E-01,  0.2229646E-01,  0.1421328    ,  0.1144427E-02,  0.2149093E-01,   14.44239    ,  0.2240743E-01,   14.46480    ,   50.19349    ,  0.6750009E-03,   50.19416    ,   413.3547    ,   0.000000    ,   413.3547    ,   477.9906    ,  0.2308243E-01,   478.0137    ,   24.78709    ,   0.000000    ,   503.0198    , -0.5849304    ,
           1980,            135,   5.026289    ,   22.07115    ,   83.10593    ,   11.22109    ,   71.20246    ,  0.6823901    ,  -86.17715    ,  0.2894399    ,   1.787710    ,   1.086795    ,   1.001618    ,  0.1380117E-03,  0.8503918E-01,  0.9092613E-02,  0.5556476E-02,  0.1434074    ,  0.6266489E-03,  0.5775766E-02,   13.76965    ,  0.6765912E-01,   13.83731    ,   49.74002    ,  0.6027661E-03,   49.74063    ,   411.8313    ,   0.000000    ,   411.8313    ,   475.3410    ,  0.6826188E-01,   475.4092    ,   25.68074    ,   0.000000    ,   501.2544    ,  -1.765381    ,
           1980,            136,   5.102410    ,   23.87491    ,   84.21691    ,   12.24331    ,   71.20247    ,  0.7711456    ,  -87.06778    ,  0.7611974E-01,   1.803762    ,   1.110983    ,   1.022219    ,  0.8989370E-05,  0.8875551E-01,  0.4966254E-02,  0.9111914E-03,  0.1145922    ,  0.4603706E-03,  0.2951619E-02,   13.05514    ,  0.8487622E-01,   13.14001    ,   49.30647    ,  0.5966816E-03,   49.30708    ,   410.3299    ,   0.000000    ,   410.3299    ,   472.6915    ,  0.8547290E-01,   472.7769    ,   26.50584    ,   0.000000    ,   499.4067    ,  -1.847687    ,
           1980,            137,   5.117098    ,   25.75509    ,   85.29716    ,   13.23134    ,   71.20247    ,  0.8633670    ,  -87.97452    ,  0.1468793E-01,   1.880174    ,   1.080250    ,  0.9880274    ,  0.1142143E-05,  0.9222148E-01,  0.1515195E-02,  0.5087295E-04,  0.7889191E-01,  0.2604432E-03,  0.3286403E-02,   12.18374    ,  0.2260339    ,   12.40977    ,   48.77578    ,  0.4751371E-03,   48.77626    ,   408.8471    ,   0.000000    ,   408.8471    ,   469.8066    ,  0.2265090    ,   470.0331    ,   27.26775    ,   0.000000    ,   497.3849    ,  -2.021881    ,
           1980,            138,   5.129032    ,   27.39180    ,   86.38445    ,   14.22317    ,   71.20247    ,  0.9588209    ,  -88.89191    ,  0.1193457E-01,   1.636713    ,   1.087294    ,  0.9918400    ,   0.000000    ,  0.9545360E-01,  0.4502145E-03,  0.4314375E-04,  0.5028339E-01,  0.1475280E-03,  0.4292250E-02,   11.61630    ,  0.1600424    ,   11.77634    ,   48.18330    ,  0.4612940E-03,   48.18377    ,   407.4130    ,   0.000000    ,   407.4130    ,   467.2126    ,  0.1605037    ,   467.3731    ,   27.97202    ,   0.000000    ,   495.4004    ,  -1.984467    ,
           1980,            139,   5.229418    ,   28.54028    ,   87.40676    ,   15.14701    ,   71.20247    ,   1.057300    ,  -89.79419    ,  0.1003877    ,   1.148481    ,   1.022317    ,  0.9238384    ,   0.000000    ,  0.9847904E-01,  0.2435218E-02,  0.6440574E-03,  0.3338996E-01,  0.1261510E-03,  0.4626634E-02,   11.33390    ,  0.2404870E-01,   11.35795    ,   47.68221    ,  0.2420048E-03,   47.68246    ,   406.1156    ,   0.000000    ,   406.1156    ,   465.1317    ,  0.2429070E-01,   465.1560    ,   28.62609    ,   0.000000    ,   493.8233    ,  -1.577118    ,
           1980,            140,   5.515269    ,   30.06412    ,   88.53436    ,   16.17327    ,   71.20247    ,   1.158631    ,  -90.67303    ,  0.2858510    ,   1.523841    ,   1.127588    ,   1.026257    ,   0.000000    ,  0.1013308    ,  0.5339809E-02,  0.3355516E-02,  0.3857073E-01,  0.2233946E-03,  0.4477492E-02,   10.94399    ,  0.5119874E-01,   10.99519    ,   47.26427    ,  0.3530192E-03,   47.26462    ,   404.8925    ,   0.000000    ,   404.8925    ,   463.1007    ,  0.5155176E-01,   463.1523    ,   29.23817    ,   0.000000    ,   492.4424    ,  -1.380859    ,
           1980,            141,   8.353325    ,   31.51753    ,   89.29632    ,   16.78368    ,   71.25002    ,   1.262650    ,  -91.48474    ,   2.838056    ,   1.453421    ,  0.7619780    ,  0.6104146    ,  0.4754393E-01,  0.1040194    ,  0.4544103E-01,  0.3722939E-01,  0.2918794    ,  0.3662844E-02,  0.8550614E-01,   11.04839    ,  0.3716192E-01,   11.08555    ,   46.87529    ,  0.4455236E-03,   46.87574    ,   403.7235    ,   0.000000    ,   403.7235    ,   461.6472    ,  0.3760744E-01,   461.6848    ,   29.81150    ,   0.000000    ,   491.9600    , -0.4824524    ,
           1980,            142,   10.58507    ,   32.90915    ,   90.21674    ,   17.19784    ,   71.64971    ,   1.369215    ,  -92.13663    ,   2.231741    ,   1.391614    ,  0.9204140    ,  0.4141581    ,  0.3996915    ,  0.1065643    ,  0.1359143    ,  0.3970397E-01,  0.9395880    ,  0.1778050E-01,  0.3150363    ,   12.44353    ,  0.1097141E-01,   12.45450    ,   46.67688    ,  0.4204466E-03,   46.67730    ,   402.6007    ,   0.000000    ,   402.6007    ,   461.7211    ,  0.1139186E-01,   461.7325    ,   30.35093    ,   0.000000    ,   493.5315    ,   1.571533    ,
           1980,            143,   11.91415    ,   34.15896    ,   91.00497    ,   17.61759    ,   71.90922    ,   1.478190    ,  -92.75372    ,   1.329080    ,   1.249804    ,  0.7882348    ,  0.4197499    ,  0.2595096    ,  0.1089754    ,  0.2597020E-01,  0.3569569E-01,  0.8552042    ,  0.2151294E-01,  0.4603245    ,   12.59904    ,  0.1116093E-01,   12.61020    ,   46.51575    ,  0.4118144E-03,   46.51614    ,   401.5726    ,   0.000000    ,   401.5726    ,   460.6874    ,  0.1157274E-01,   460.6989    ,   30.85923    ,   0.000000    ,   492.9569    , -0.5746155    ,
           1980,            144,   18.94531    ,   34.97608    ,   91.85907    ,   17.81244    ,   72.45718    ,   1.589464    ,  -93.23447    ,   7.031168    ,  0.8171198    ,  0.8540934    ,  0.1948528    ,  0.5479667    ,  0.1112739    ,  0.1066923    ,  0.1531904    ,   1.241301    ,  0.2752780E-01,  0.5280320    ,   14.12749    ,  0.5179213E-02,   14.13267    ,   46.51071    ,  0.2538269E-03,   46.51095    ,   400.6832    ,   0.000000    ,   400.6832    ,   461.3214    ,  0.5433040E-02,   461.3268    ,   31.34131    ,   0.000000    ,   494.7249    ,   1.767975    ,
           1980,            145,   26.02165    ,   35.94810    ,   94.63772    ,   17.93150    ,   75.00332    ,   1.702941    ,  -93.38000    ,   7.076329    ,  0.9720247    ,   2.778664    ,  0.1190552    ,   2.546132    ,  0.1134771    ,  0.6840233    ,  0.1442873    ,   3.952948    ,  0.1128775    ,  0.6831624    ,   17.36575    ,  0.1476098E-03,   17.36590    ,   46.85053    ,  0.2779200E-03,   46.85080    ,   399.8740    ,   0.000000    ,   399.8740    ,   464.0903    ,  0.4255298E-03,   464.0907    ,   31.80114    ,   0.000000    ,   501.4691    ,   6.744263    ,
           1980,            146,   26.93924    ,   37.15152    ,   96.29399    ,   18.27680    ,   76.19872    ,   1.818530    ,  -93.55679    ,  0.9175910    ,   1.203418    ,   1.656292    ,  0.3453004    ,   1.195402    ,  0.1155894    ,  0.1231931    ,  0.6280266E-01,   3.147501    ,  0.9893513E-01,  0.8176778    ,   17.62007    ,  0.2324464E-03,   17.62030    ,   47.24713    ,  0.2579345E-03,   47.24739    ,   399.0708    ,   0.000000    ,   399.0708    ,   463.9380    ,  0.4903809E-03,   463.9384    ,   32.23996    ,   0.000000    ,   500.4285    ,  -1.040649    ,
           1980,            147,   30.52132    ,   38.54868    ,   98.51589    ,   18.74760    ,   77.83221    ,   1.936141    ,  -93.72235    ,   3.582082    ,   1.397154    ,   2.221902    ,  0.4708069    ,   1.633484    ,  0.1176114    ,  0.1252566    ,  0.9117415E-01,   2.794112    ,  0.9437484E-01,  0.9329385    ,   17.87499    ,  0.1156170E-04,   17.87500    ,   47.48273    ,  0.1943761E-03,   47.48294    ,   398.3022    ,   0.000000    ,   398.3022    ,   463.6599    ,  0.2059378E-03,   463.6601    ,   32.65823    ,   0.000000    ,   500.3562    , -0.7226562E-01,
           1980,            148,   38.91368    ,   39.38619    ,   102.0978    ,   19.05410    ,   80.98811    ,   2.055695    ,  -93.78357    ,   8.392359    ,  0.8375081    ,   3.581951    ,  0.3064933    ,   3.155904    ,  0.1195539    ,  0.4219070    ,  0.1422095    ,   4.000150    ,  0.1191273    ,  0.9963724    ,   18.63617    ,  0.2657895E-02,   18.63883    ,   47.74446    ,  0.5149587E-04,   47.74450    ,   397.6208    ,   0.000000    ,   397.6208    ,   464.0015    ,  0.2709391E-02,   464.0042    ,   33.05841    ,   0.000000    ,   502.7423    ,   2.386108    ,
           1980,            149,   43.13417    ,   40.69812    ,   106.0814    ,   19.26982    ,   84.63451    ,   2.177123    ,  -93.78439    ,   4.220494    ,   1.311926    ,   3.983536    ,  0.2157121    ,   3.646395    ,  0.1214282    ,  0.2652707    ,  0.1420266    ,   4.514337    ,  0.1626940    ,   1.161603    ,   19.23536    ,  0.2468888E-04,   19.23538    ,   48.31435    ,  0.5081562E-05,   48.31435    ,   397.0080    ,   0.000000    ,   397.0080    ,   464.5577    ,  0.2977044E-04,   464.5577    ,   33.44300    ,   0.000000    ,   504.2466    ,   1.504242    ,
           1980,            150,   45.38294    ,   42.45275    ,   108.3320    ,   19.64316    ,   86.38856    ,   2.300365    ,  -93.82422    ,   2.248756    ,   1.754628    ,   2.250627    ,  0.3733457    ,   1.754040    ,  0.1232418    ,  0.1617938    ,  0.5238862E-01,   4.055288    ,  0.1162651    ,   1.332337    ,   18.62612    ,  0.2416176E-02,   18.62853    ,   48.56178    ,   0.000000    ,   48.56178    ,   396.4368    ,   0.000000    ,   396.4368    ,   463.6247    ,  0.2416176E-02,   463.6271    ,   33.81372    ,   0.000000    ,   503.1590    ,  -1.087585    ,
