           YEAR,           JDAY,        PRECACC,          ETACC,         ROFACC,      OVRFLWACC,      LATFLWACC,    DRAINSOLACC,       DSTGWACC,           PREC,             ET,            ROF,         OVRFLW,         LATFLW,       DRAINSOL,        FZWSCAN,        LQWSCAN,            SNO,        LQWSSNO,        LQWSPND,       LQWSSOL1,       FZWSSOL1,       ALWSSOL1,       LQWSSOL2,       FZWSSOL2,       ALWSSOL2,       LQWSSOL3,       FZWSSOL3,       ALWSSOL3,        LQWSSOL,        FZWSSOL,        ALWSSOL,          STGGW,            DZS,           STGW,          DSTGW,
           1980,            122,  0.7002398E-01,   1.845550    ,   72.50760    ,  0.8102877    ,   71.69072    ,  0.6591981E-02,  -68.27490    ,  0.7002398E-01,   1.845550    ,   72.50760    ,  0.8102877    ,   71.69072    ,  0.6591981E-02,  0.1438272E-02,  0.2763746E-03,  0.7599723E-02,  0.6640300E-04,  0.4029099E-03,   18.77625    ,  0.5575736    ,   19.33382    ,   58.42837    ,  0.1918292E-01,   58.44755    ,   448.1320    ,   0.000000    ,   448.1320    ,   525.3367    ,  0.5767565    ,   525.9135    ,   3.855583    ,   0.000000    ,   529.7787    ,  -68.27490    ,
           1980,            123,  0.3807422    ,   3.207068    ,   74.02811    ,   1.491852    ,   72.51398    ,  0.2228386E-01,  -74.67712    ,  0.3107182    ,   1.361518    ,   1.520516    ,  0.6815645    ,  0.8232593    ,  0.1569188E-01,  0.1493493E-01,  0.6414810E-02,  0.4259075E-01,  0.4480014E-03,  0.4938745E-02,   17.94613    ,  0.1540841    ,   18.10021    ,   56.74020    ,  0.7022133E-02,   56.74723    ,   434.6537    ,   0.000000    ,   434.6537    ,   509.3400    ,  0.1611062    ,   509.5011    ,   7.404175    ,   0.000000    ,   516.9745    ,  -12.80420    ,
           1980,            124,  0.4912673    ,   4.879404    ,   75.27953    ,   2.368099    ,   72.86520    ,  0.4622159E-01,  -77.53510    ,  0.1105250    ,   1.672337    ,   1.251415    ,  0.8762473    ,  0.3512300    ,  0.2393773E-01,  0.2560394E-01,  0.5956050E-02,  0.6989792E-01,  0.9472855E-03,  0.4923689E-02,   17.54618    ,  0.1154014    ,   17.66158    ,   55.64540    ,  0.1076858E-02,   55.64647    ,   431.2830    ,   0.000000    ,   431.2830    ,   504.4745    ,  0.1164782    ,   504.5910    ,   10.10384    ,   0.000000    ,   514.8022    ,  -2.172302    ,
           1980,            125,  0.5013429    ,   6.774531    ,   76.32973    ,   3.238091    ,   73.01397    ,  0.7768251E-01,  -79.51929    ,  0.1007556E-01,   1.895126    ,   1.050218    ,  0.8699914    ,  0.1487652    ,  0.3146092E-01,  0.1079195E-03,  0.1363670E-03,  0.4591471E-01,  0.4046786E-03,  0.8407706E-03,   16.61037    ,  0.6389264    ,   17.24930    ,   54.56247    ,  0.2963695E-02,   54.56542    ,   428.3661    ,   0.000000    ,   428.3661    ,   499.5389    ,  0.6418902    ,   500.1808    ,   12.35283    ,   0.000000    ,   512.5810    ,  -2.221252    ,
           1980,            126,  0.5411045    ,   8.590071    ,   77.36571    ,   4.220475    ,   73.02924    ,  0.1160043    ,  -81.14404    ,  0.3976161E-01,   1.815540    ,   1.035969    ,  0.9823843    ,  0.1526323E-01,  0.3832174E-01,  0.2333519E-02,  0.5266520E-03,  0.3031666E-01,  0.2028545E-03,  0.8983474E-03,   16.48403    ,  0.2164972    ,   16.70052    ,   53.64623    ,  0.1687909E-02,   53.64792    ,   425.7461    ,   0.000000    ,   425.7461    ,   495.8763    ,  0.2181851    ,   496.0945    ,   14.28175    ,   0.000000    ,   510.4107    ,  -2.170319    ,
           1980,            127,   1.450483    ,   9.827146    ,   78.24924    ,   5.022737    ,   73.06591    ,  0.1606064    ,  -82.49219    ,  0.9093784    ,   1.237075    ,  0.8835427    ,  0.8022621    ,  0.3667840E-01,  0.4460215E-01,  0.2721532E-02,  0.2212980E-01,  0.2333635E-01,  0.1589546E-03,  0.2444683E-01,   16.24265    ,  0.5872177E-01,   16.30137    ,   53.04435    ,  0.3655093E-03,   53.04472    ,   423.4326    ,   0.000000    ,   423.4326    ,   492.7196    ,  0.5908728E-01,   492.7787    ,   15.96916    ,   0.000000    ,   508.8206    ,  -1.590088    ,
           1980,            128,   2.770808    ,   11.03228    ,   79.27990    ,   5.727454    ,   73.34145    ,  0.2110166    ,  -83.44727    ,   1.320325    ,   1.205134    ,   1.030663    ,  0.7047172    ,  0.2755362    ,  0.5041011E-01,  0.2144304E-01,  0.9066393E-01,  0.1979045    ,  0.4117195E-02,  0.1076839    ,   16.71341    ,  0.3171355E-03,   16.71372    ,   52.86982    ,  0.3868282E-03,   52.87021    ,   421.3949    ,   0.000000    ,   421.3949    ,   490.9781    ,  0.7039637E-03,   490.9788    ,   17.47510    ,   0.000000    ,   508.8758    ,  0.5517578E-01,
           1980,            129,   3.017371    ,   13.15732    ,   80.36231    ,   6.710774    ,   73.38472    ,  0.2668339    ,  -84.35077    ,  0.2465624    ,   2.125045    ,   1.082414    ,  0.9833195    ,  0.4327654E-01,  0.5581741E-01,  0.8429320E-02,  0.6332431E-02,  0.1967552    ,  0.3360171E-02,  0.5942031E-01,   16.28181    ,  0.5630320E-01,   16.33811    ,   52.42360    ,  0.4447605E-03,   52.42404    ,   419.5046    ,   0.000000    ,   419.5046    ,   488.2100    ,  0.5674796E-01,   488.2668    ,   18.83711    ,   0.000000    ,   507.3782    ,  -1.497559    ,
           1980,            130,   3.100607    ,   15.00932    ,   81.31564    ,   7.601774    ,   73.38620    ,  0.3276673    ,  -85.29413    ,  0.8323684E-01,   1.851996    ,  0.9533128    ,  0.8910011    ,  0.1478310E-02,  0.6083338E-01,  0.2103730E-02,  0.3459721E-03,  0.1656135    ,  0.9679242E-03,  0.5324828E-02,   15.40395    ,  0.1513670    ,   15.55532    ,   51.77833    ,  0.1614306E-03,   51.77849    ,   417.6349    ,   0.000000    ,   417.6349    ,   484.8171    ,  0.1515284    ,   484.9687    ,   20.07055    ,   0.000000    ,   505.2135    ,  -2.164673    ,
           1980,            131,   3.110105    ,   17.02405    ,   82.27618    ,   8.496328    ,   73.38670    ,  0.3931563    ,  -86.25693    ,  0.9498074E-02,   2.014726    ,  0.9605474    ,  0.8945521    ,  0.5062553E-03,  0.6548902E-01,  0.1278379E-02,  0.5953910E-04,  0.1220634    ,  0.4353424E-03,  0.1894989E-02,   14.24543    ,  0.5759003    ,   14.82133    ,   51.12137    ,  0.2586827E-03,   51.12165    ,   415.8699    ,   0.000000    ,   415.8699    ,   481.2367    ,  0.5761590    ,   481.8129    ,   21.19234    ,   0.000000    ,   503.1309    ,  -2.082642    ,
           1980,            132,   3.144955    ,   18.80799    ,   83.25225    ,   9.402378    ,   73.38691    ,  0.4629693    ,  -87.23782    ,  0.3485034E-01,   1.783936    ,  0.9760682    ,  0.9060491    ,  0.2060544E-03,  0.6981305E-01,  0.2301727E-03,  0.1355465E-02,  0.8808676E-01,  0.4369205E-03,  0.3977955E-02,   13.54739    ,  0.5604901    ,   14.10788    ,   50.42048    ,  0.5947089E-03,   50.42107    ,   414.1670    ,   0.000000    ,   414.1670    ,   478.1349    ,  0.5610849    ,   478.6960    ,   22.21623    ,   0.000000    ,   501.0062    ,  -2.124664    ,
           1980,            133,   4.547845    ,   19.97298    ,   83.97661    ,   10.05193    ,   73.38787    ,  0.5368096    ,  -88.16779    ,   1.402889    ,   1.164998    ,  0.7243524    ,  0.6495523    ,  0.9597274E-03,  0.7384035E-01,  0.3157046E-02,  0.4602694E-01,  0.7109997E-01,  0.5571426E-03,  0.2198617E-01,   13.69226    ,  0.9701806E-01,   13.78927    ,   49.94708    ,  0.4375011E-03,   49.94752    ,   412.6209    ,   0.000000    ,   412.6209    ,   476.2603    ,  0.9745555E-01,   476.3577    ,   23.15552    ,   0.000000    ,   499.6560    ,  -1.350189    ,
           1980,            134,   4.806874    ,   21.85266    ,   85.09972    ,   11.09518    ,   73.39011    ,  0.6144343    ,  -88.99554    ,  0.2590299    ,   1.879689    ,   1.123124    ,   1.043250    ,  0.2249192E-02,  0.7762465E-01,  0.3197967E-01,  0.2212816E-01,  0.1421959    ,  0.1133927E-02,  0.2149825E-01,   14.01037    ,  0.1909083E-01,   14.02946    ,   49.65526    ,  0.6723476E-03,   49.65593    ,   411.1938    ,   0.000000    ,   411.1938    ,   474.8594    ,  0.1976318E-01,   474.8792    ,   24.02644    ,   0.000000    ,   499.1245    , -0.5315247    ,
           1980,            135,   5.096313    ,   23.59726    ,   86.18246    ,   12.09667    ,   73.39020    ,  0.6956122    ,  -89.82724    ,  0.2894399    ,   1.744600    ,   1.082748    ,   1.001483    ,  0.8718231E-04,  0.8117788E-01,  0.9096527E-02,  0.5511866E-02,  0.1435321    ,  0.6554283E-03,  0.5781819E-02,   13.36140    ,  0.6048513E-01,   13.42189    ,   49.22114    ,  0.5436459E-03,   49.22169    ,   409.7732    ,   0.000000    ,   409.7732    ,   472.3557    ,  0.6102877E-01,   472.4167    ,   24.83458    ,   0.000000    ,   497.4159    ,  -1.708588    ,
           1980,            136,   5.172434    ,   25.36365    ,   87.28933    ,   13.11902    ,   73.39021    ,  0.7801235    ,  -90.66776    ,  0.7611974E-01,   1.766385    ,   1.106869    ,   1.022354    ,  0.4237740E-05,  0.8451121E-01,  0.4962185E-02,  0.9076466E-03,  0.1144741    ,  0.4550765E-03,  0.2958143E-02,   12.67158    ,  0.7647066E-01,   12.74805    ,   48.79876    ,  0.5139156E-03,   48.79927    ,   408.3644    ,   0.000000    ,   408.3644    ,   469.8347    ,  0.7698458E-01,   469.9117    ,   25.58477    ,   0.000000    ,   495.6203    ,  -1.795654    ,
           1980,            137,   5.187121    ,   27.21369    ,   88.36517    ,   14.10723    ,   73.39021    ,  0.8677575    ,  -91.52658    ,  0.1468793E-01,   1.850042    ,   1.075848    ,  0.9882131    ,  0.1097317E-05,  0.8763396E-01,  0.1510792E-02,  0.5082761E-04,  0.7863930E-01,  0.2615305E-03,  0.3292641E-02,   11.82435    ,  0.2161535    ,   12.04050    ,   48.27065    ,  0.4242281E-03,   48.27107    ,   406.9680    ,   0.000000    ,   406.9680    ,   467.0630    ,  0.2165777    ,   467.2796    ,   26.28101    ,   0.000000    ,   493.6443    ,  -1.975983    ,
           1980,            138,   5.199055    ,   28.82830    ,   89.44709    ,   15.09862    ,   73.39021    ,  0.9583158    ,  -92.39902    ,  0.1193457E-01,   1.614614    ,   1.081941    ,  0.9913825    ,   0.000000    ,  0.9055848E-01,  0.4489273E-03,  0.4291291E-04,  0.5008669E-01,  0.1427269E-03,  0.4240074E-02,   11.26282    ,  0.1570353    ,   11.41986    ,   47.68192    ,  0.4187691E-03,   47.68234    ,   405.6118    ,   0.000000    ,   405.6118    ,   464.5566    ,  0.1574540    ,   464.7141    ,   26.92761    ,   0.000000    ,   491.6967    ,  -1.947632    ,
           1980,            139,   5.299441    ,   29.96183    ,   90.46396    ,   16.02217    ,   73.39021    ,   1.051623    ,  -93.26044    ,  0.1003877    ,   1.133529    ,   1.016864    ,  0.9235570    ,   0.000000    ,  0.9330705E-01,  0.2434764E-02,  0.6396716E-03,  0.3315344E-01,  0.1532337E-03,  0.4586793E-02,   10.98854    ,  0.2327625E-01,   11.01181    ,   47.17805    ,  0.2159201E-03,   47.17826    ,   404.3881    ,   0.000000    ,   404.3881    ,   462.5547    ,  0.2349217E-01,   462.5781    ,   27.53073    ,   0.000000    ,   490.1498    ,  -1.546875    ,
           1980,            140,   5.585293    ,   31.46826    ,   91.58615    ,   17.04844    ,   73.39021    ,   1.147532    ,  -94.10239    ,  0.2858510    ,   1.506436    ,   1.122175    ,   1.026266    ,   0.000000    ,  0.9590825E-01,  0.5326231E-02,  0.3340049E-02,  0.3856202E-01,  0.2197592E-03,  0.4476535E-02,   10.61382    ,  0.4993207E-01,   10.66375    ,   46.74519    ,  0.3175373E-03,   46.74550    ,   403.2369    ,   0.000000    ,   403.2369    ,   460.5959    ,  0.5024960E-01,   460.6462    ,   28.09753    ,   0.000000    ,   488.7958    ,  -1.354004    ,
           1980,            141,   8.423348    ,   32.90833    ,   92.35455    ,   17.65885    ,   73.44982    ,   1.245900    ,  -94.88312    ,   2.838056    ,   1.440071    ,  0.7683961    ,  0.6104100    ,  0.5961688E-01,  0.9836922E-01,  0.4536532E-01,  0.3700325E-01,  0.2922501    ,  0.3650810E-02,  0.8550622E-01,   10.72525    ,  0.3496414E-01,   10.76021    ,   46.36389    ,  0.3558541E-03,   46.36424    ,   402.1179    ,   0.000000    ,   402.1179    ,   459.2071    ,  0.3532000E-01,   459.2424    ,   28.63041    ,   0.000000    ,   488.3365    , -0.4592285    ,
           1980,            142,   10.65509    ,   34.28994    ,   93.25653    ,   18.07299    ,   73.83695    ,   1.346605    ,  -95.51407    ,   2.231741    ,   1.381607    ,  0.9019709    ,  0.4141410    ,  0.3871251    ,  0.1007048    ,  0.1353458    ,  0.3943688E-01,  0.9398529    ,  0.1779720E-01,  0.3150842    ,   12.12058    ,  0.1065373E-01,   12.13124    ,   46.16870    ,  0.3023944E-03,   46.16901    ,   401.0414    ,   0.000000    ,   401.0414    ,   459.3306    ,  0.1095613E-01,   459.3416    ,   29.13321    ,   0.000000    ,   489.9222    ,   1.585693    ,
           1980,            143,   11.98417    ,   35.53226    ,   94.01884    ,   18.49282    ,   74.07648    ,   1.449529    ,  -96.11194    ,   1.329080    ,   1.242320    ,  0.7623034    ,  0.4198441    ,  0.2395357    ,  0.1029234    ,  0.2600214E-01,  0.3551735E-01,  0.8549213    ,  0.2147002E-01,  0.4603557    ,   12.30340    ,  0.1089351E-01,   12.31430    ,   46.00956    ,  0.2942617E-03,   46.00985    ,   400.0568    ,   0.000000    ,   400.0568    ,   458.3697    ,  0.1118777E-01,   458.3809    ,   29.60831    ,   0.000000    ,   489.3876    , -0.5346680    ,
           1980,            144,   19.01534    ,   36.34639    ,   94.93105    ,   18.68771    ,   74.68875    ,   1.554573    ,  -96.58008    ,   7.031168    ,  0.8141348    ,  0.9121959    ,  0.1948807    ,  0.6122715    ,  0.1050437    ,  0.1061135    ,  0.1522329    ,   1.241357    ,  0.2748047E-01,  0.5280638    ,   13.83649    ,  0.5040561E-02,   13.84153    ,   46.00600    ,  0.1292225E-03,   46.00612    ,   399.2092    ,   0.000000    ,   399.2092    ,   459.0517    ,  0.5169783E-02,   459.0569    ,   30.06005    ,   0.000000    ,   491.1721    ,   1.784515    ,
           1980,            145,   26.09167    ,   37.31649    ,   97.78666    ,   18.80677    ,   77.31821    ,   1.661654    ,  -96.73117    ,   7.076329    ,  0.9701005    ,   2.855608    ,  0.1190632    ,   2.629463    ,  0.1070809    ,  0.6806076    ,  0.1431956    ,   3.954654    ,  0.1134137    ,  0.6831818    ,   17.03545    ,  0.1384827E-03,   17.03559    ,   46.30281    ,  0.1531404E-03,   46.30296    ,   398.4411    ,   0.000000    ,   398.4411    ,   461.7794    ,  0.2916231E-03,   461.7797    ,   30.49198    ,   0.000000    ,   497.8467    ,   6.674591    ,
           1980,            146,   27.00926    ,   38.51783    ,   99.24179    ,   19.15207    ,   78.31902    ,   1.770692    ,  -96.90714    ,  0.9175910    ,   1.201337    ,   1.455137    ,  0.3452962    ,   1.000802    ,  0.1090383    ,  0.1224292    ,  0.6235792E-01,   3.146028    ,  0.9983721E-01,  0.8177094    ,   17.43428    ,  0.2322561E-03,   17.43452    ,   46.66098    ,  0.1266998E-03,   46.66111    ,   397.6736    ,   0.000000    ,   397.6736    ,   461.7689    ,  0.3589559E-03,   461.7692    ,   30.90511    ,   0.000000    ,   496.9227    , -0.9239502    ,
           1980,            147,   30.59134    ,   39.91424    ,   101.5002    ,   19.62275    ,   79.99588    ,   1.881608    ,  -97.07269    ,   3.582082    ,   1.396412    ,   2.258455    ,  0.4706819    ,   1.676857    ,  0.1109156    ,  0.1246201    ,  0.9062140E-01,   2.792321    ,  0.9465343E-01,  0.9329953    ,   17.67257    ,  0.1110534E-04,   17.67258    ,   46.90353    ,  0.6742695E-04,   46.90359    ,   396.9323    ,   0.000000    ,   396.9323    ,   461.5084    ,  0.7853229E-04,   461.5084    ,   31.29962    ,   0.000000    ,   496.8433    , -0.7946777E-01,
           1980,            148,   38.98370    ,   40.75222    ,   105.3426    ,   19.92921    ,   83.41900    ,   1.994330    ,  -97.13950    ,   8.392359    ,  0.8379872    ,   3.842311    ,  0.3064652    ,   3.423123    ,  0.1127216    ,  0.4188606    ,  0.1413304    ,   3.999905    ,  0.1193033    ,  0.9964833    ,   18.38333    ,  0.2479482E-02,   18.38580    ,   47.16604    ,  0.3455680E-06,   47.16604    ,   396.2732    ,   0.000000    ,   396.2732    ,   461.8226    ,  0.2479827E-02,   461.8251    ,   31.67763    ,   0.000000    ,   499.1786    ,   2.335327    ,
           1980,            149,   43.20419    ,   42.06534    ,   109.1890    ,   20.14498    ,   86.93518    ,   2.108796    ,  -97.15222    ,   4.220494    ,   1.313129    ,   3.846406    ,  0.2157622    ,   3.516178    ,  0.1144665    ,  0.2629875    ,  0.1410155    ,   4.513424    ,  0.1628125    ,   1.161687    ,   18.90121    ,  0.7523860E-05,   18.90122    ,   47.68673    ,   0.000000    ,   47.68673    ,   395.6851    ,   0.000000    ,   395.6851    ,   462.2730    ,  0.7523860E-05,   462.2730    ,   32.04142    ,   0.000000    ,   500.5564    ,   1.377777    ,
           1980,            150,   45.45296    ,   43.81978    ,   111.2463    ,   20.51871    ,   88.50262    ,   2.224953    ,  -97.19424    ,   2.248756    ,   1.754435    ,   2.057326    ,  0.3737303    ,   1.567438    ,  0.1161570    ,  0.1610553    ,  0.5206483E-01,   4.053625    ,  0.1162837    ,   1.332800    ,   18.50080    ,  0.2340047E-02,   18.50314    ,   47.93612    ,   0.000000    ,   47.93612    ,   395.1323    ,   0.000000    ,   395.1323    ,   461.5692    ,  0.2340047E-02,   461.5716    ,   32.39250    ,   0.000000    ,   499.6799    , -0.8764343    ,
           1980,            151,   47.81950    ,   45.08736    ,   112.8287    ,   20.87119    ,   89.61471    ,   2.342744    ,  -97.26541    ,   2.366536    ,   1.267582    ,   1.582366    ,  0.3524809    ,   1.112093    ,  0.1177919    ,  0.1074065    ,  0.4999136E-01,   3.846531    ,  0.4720138E-01,   1.275721    ,   18.14997    ,  0.9341560E-01,   18.24339    ,   47.89175    ,  0.1052023E-06,   47.89175    ,   394.5291    ,   0.000000    ,   394.5291    ,   460.5708    ,  0.9341570E-01,   460.6642    ,   32.73085    ,   0.000000    ,   498.7219    , -0.9580078    ,
